12.547897 0.878263
6.252208 1.929733
-8.905540 2.021142
9.451034 9.439375
0.811321 -4.657402
-5.011896 6.796340
-9.387299 -1.146567
-9.209189 -2.166249
-9.220846 -2.366663
-1.361961 7.851180
-9.197750 -2.307698
-1.109794 7.911854
5.430194 4.390429
-9.042219 -3.449147
-9.131492 -2.785757
5.630155 -9.852119
2.231770 -10.860766
0.327107 7.772473
5.526147 12.536722
8.867608 10.124543
-8.985496 1.557112
11.690359 5.739635
10.897211 -5.092996
3.801383 6.291563
4.749366 -3.136140
7.839570 11.076204
2.735080 6.938999
6.702570 -9.319424
3.492755 -3.980805
5.396778 4.426778
-2.637787 -10.293371
3.696837 -3.937270
-7.666520 -6.328410
6.270784 2.392948
12.142891 4.461234
6.328090 0.879761
-1.836255 7.802878
4.646708 -3.248565
-7.521333 -6.615121
8.129773 -8.389068
2.729756 13.648295
-9.320981 0.328333
-1.610762 -10.525828
1.284769 7.571282
5.825274 3.536996
-8.805599 -4.106720
6.787730 11.694744
0.180856 -4.602388
0.964916 -10.933838
6.424897 1.002285
0.786148 -10.893099
-3.827133 -9.749758
9.061217 9.815156
4.122087 -3.692188
5.044088 -2.846863
3.020487 6.827687
2.119051 13.737155
-7.216420 4.950669
5.329235 -2.370177
9.502609 9.333386
2.570798 7.058259
-7.467669 -6.561399
-8.450120 3.094762
1.851145 -10.827748
12.584398 0.607558
5.306874 -2.408873
10.054009 8.602861
-0.066431 7.853564
6.044109 -0.817262
3.102281 6.818350
-7.045428 -7.104477
6.205488 -0.530509
-8.403550 -5.041624
0.614158 7.750713
10.811076 7.474001
10.203748 -6.270906
2.322517 -4.538566
-8.751624 2.259307
2.313398 7.286338
2.577504 -4.455600
5.290004 -2.418502
-2.119483 7.824605
-5.217710 -8.895856
12.549850 -0.396288
-8.938826 1.660152
11.804565 5.326526
4.653536 5.457618
5.942185 3.396920
10.703060 -5.507979
-7.044201 5.120776
-8.513261 -4.828376
7.192582 -9.022892
2.052011 -10.815780
0.349222 -4.686053
-9.313776 -1.608696
1.157152 -10.943956
6.408090 1.302879
0.371097 -4.644303
6.367553 0.923834
1.552320 7.576745
12.476204 -0.456489
4.130262 -10.500865
5.633867 4.139093
-8.659219 -4.559382
-0.845386 -10.725867
-6.779066 -7.554227
4.480380 5.626874
12.221953 3.873747
-6.169601 -8.046100
1.594081 -4.739635
5.105647 -2.728395
-3.799588 7.365416
5.172812 4.860776
12.120765 -2.256367
2.791138 -4.387720
5.985559 3.255521
-7.226383 4.920048
9.662842 -6.891283
6.196888 12.187672
-8.198207 3.488922
9.313587 -7.308332
-8.528717 -4.754323
-1.191310 -10.604633
4.931458 -2.870178
1.044766 -10.953618
5.290227 4.588695
-5.911386 -8.360422
-7.698823 4.218444
6.137203 -0.544301
8.152424 -8.322274
12.302895 3.861033
3.486509 6.527156
5.450335 -2.036935
5.320713 -2.445500
-4.841307 -9.135182
2.860729 6.944160
1.699431 -4.678820
0.325240 14.058571
3.464615 -10.641628
2.412233 -4.573938
10.315766 8.189999
6.422482 1.451831
5.302446 4.690397
6.742818 11.892819
-6.870502 -7.367026
8.597804 10.334059
4.392245 5.700449
-0.996747 7.915232
1.464860 -10.924854
0.109497 7.801332
0.741878 -4.675013
0.210143 -10.824286
3.429987 -4.035160
12.393617 -1.313079
2.151603 -4.639516
4.354765 -10.341727
6.334557 1.580445
5.171861 4.753582
12.169815 4.065587
0.395788 -4.633603
4.499208 -3.370825
5.388161 4.422215
6.345962 0.409028
12.603344 1.468604
-1.175917 -10.643856
-3.315874 7.548919
-7.120543 -6.992032
6.958410 11.617068
-4.801961 6.942414
-6.969818 5.125118
3.914945 -3.819106
12.241791 4.051628
8.508818 10.507014
3.517829 -10.604635
9.035917 9.857850
4.496448 -3.325764
12.529966 1.931506
-4.046103 -9.651884
8.874458 -7.826924
10.346807 -5.941758
1.536479 7.528804
4.033043 6.068244
5.954959 3.401467
2.756913 6.981836
0.874160 -10.898013
1.389772 -4.705416
3.288733 6.583114
-1.950238 7.837054
0.647600 7.711440
8.297119 -8.247274
-5.955040 -8.281424
0.916616 -10.887573
5.199854 4.836168
-8.951597 1.738715
2.789003 7.016505
11.978061 -2.787815
5.154672 12.768346
0.785533 14.060192
11.081987 6.916133
6.152694 -0.618178
-8.221610 3.514387
0.302512 -4.666997
5.499343 4.315123
-6.659081 5.540494
11.777124 5.500367
-1.820348 7.818118
-3.909981 7.344089
4.224768 13.132658
1.445149 7.542016
3.881544 13.271494
10.735250 7.576955
6.001460 3.249595
-5.507762 6.471771
6.307344 2.184208
-8.793925 2.169678
4.708921 -3.078457
8.382394 10.539090
0.305538 -4.643788
8.233480 -8.342454
3.252963 6.691794
-2.832847 -10.138840
8.691330 10.207622
6.411352 1.201325
11.328865 6.639658
5.976777 -0.977734
-8.798485 -4.223360
-7.979704 3.956728
10.028913 8.707496
5.118686 4.827415
-4.758793 -9.208944
0.863109 -4.669450
10.944623 7.224266
11.098453 -4.878200
6.402719 1.010707
6.120472 2.800427
5.961476 -1.141541
5.880519 3.634064
-5.971516 6.127593
7.130322 11.586766
3.724493 6.371424
11.895632 5.063586
2.008196 13.852761
-2.893342 -10.131763
4.628443 -3.236389
10.948652 -5.067804
5.798251 -1.541535
12.250916 -1.600873
6.332544 0.121335
5.163515 4.929857
-4.701774 -9.197701
5.648900 -9.873578
4.170011 -3.577784
12.191246 4.129463
2.511717 13.738153
0.016745 -4.657145
1.681836 -4.683968
4.195982 5.830174
-8.577449 2.684256
5.134071 4.854900
2.879560 -4.386529
4.718025 5.342473
-5.649324 6.378877
1.758448 -4.680333
12.427687 -0.658851
-3.446283 7.485493
8.681101 10.237288
5.072471 -2.716852
10.124699 8.448719
11.622541 -3.700992
-7.766121 4.344086
3.951678 -10.496010
2.273498 -4.550811
-3.206769 -10.015413
5.054396 4.959910
9.538805 -7.080440
5.720589 -1.743252
-9.205538 -2.355660
5.384773 -10.014889
-7.638433 4.403434
-7.895897 -6.000509
1.781386 -4.702179
-5.822690 6.304851
5.367781 -10.034750
4.134072 -3.667157
4.473043 5.637724
-8.830474 2.293955
-6.188367 -8.073089
6.299365 1.823132
11.289652 -4.432674
-8.756989 -4.117406
-6.927042 5.286277
5.843064 -9.874059
4.950063 -2.863191
1.026554 -4.749112
-5.776254 -8.511109
2.655340 -4.407194
-1.704121 7.925959
8.876617 -7.689510
-9.266884 0.554945
8.570988 -8.031517
6.202178 -9.619864
4.321165 5.801334
-8.788482 -4.151317
11.262372 -4.445507
10.217007 8.386952
-2.653200 -10.276318
-9.238144 0.116769
6.041728 3.009800
4.716759 5.472805
2.320885 -4.563736
2.174696 7.248987
6.433640 -9.467302
9.154031 -7.520758
12.506967 1.261157
-2.447723 -10.261216
12.605690 0.278634
-7.678713 -6.366648
0.714638 -4.735650
6.980015 -9.200274
-9.313463 -0.936665
-7.130929 5.058783
1.327873 -10.947666
1.863611 -10.832483
5.734729 3.999749
6.077033 2.964240
6.260433 -0.256624
6.414196 0.916122
0.036721 7.812740
4.245390 5.967990
7.660540 11.124464
-7.356380 -6.875370
12.371235 -1.125594
12.579542 -0.024333
4.752510 -3.120588
10.124227 8.542074
12.455359 -0.610872
5.561903 4.112708
6.310614 -0.040764
7.730513 -8.705514
-9.368398 -0.569370
2.097991 -4.605108
10.397197 8.174668
-8.275390 3.329729
12.600294 0.820803
1.731516 -4.715405
4.311506 -3.501491
10.005857 8.692137
2.290539 -10.772556
-8.513458 2.823042
-0.351623 7.869892
0.171169 7.855242
12.148056 -2.075080
6.668710 -9.428001
3.864089 -10.542745
5.160240 -2.587504
2.204385 -10.823745
-4.966958 6.832318
6.384135 0.251484
5.905348 -1.165411
2.874369 6.914570
6.335240 2.029784
-7.393164 -6.729640
-4.851447 6.857329
5.636280 -1.901961
9.313624 -7.325942
12.264127 -1.990735
6.308829 1.898182
2.180426 -4.624327
-6.061250 6.023930
12.525597 0.519796
-5.018941 6.763185
12.550587 0.035630
0.712732 -4.707991
7.081924 11.558165
-8.722173 -4.277044
4.169626 5.923978
9.981677 -6.537508
-8.170863 3.710205
2.039182 -4.607779
-3.777563 7.330446
4.357265 -3.455361
6.343555 0.207305
5.697346 -1.857285
6.274570 0.282068
10.923965 7.201128
-5.387778 -8.748312
9.933837 -6.612868
4.547572 13.037372
-6.601119 -7.657679
-4.378030 -9.384031
6.345465 2.031773
12.555430 1.898383
-6.274610 -7.929639
4.948043 -2.842834
1.458924 -10.902843
12.546258 0.999797
6.670699 -9.344349
-7.817636 4.063254
9.077448 9.736584
5.164879 4.914021
3.981776 -3.681728
12.447697 -0.641423
-7.200711 -7.005066
2.069076 7.267735
0.730252 -10.846636
-1.804987 7.830191
6.122643 -9.598675
3.942877 -3.869440
-7.898871 4.069329
-8.100185 -5.718675
-3.872977 -9.758044
0.120578 -10.866685
-0.313986 7.925196
2.170583 13.740346
-5.452642 -8.666078
-8.473305 -4.843429
-1.926057 7.853883
-7.661023 -6.347823
-7.524653 4.446061
9.170845 9.801487
2.353241 7.224801
12.097026 -2.527580
-3.142723 -10.079803
11.624466 -3.609432
2.914826 -4.281791
12.056149 4.757393
10.619205 -5.618427
-6.919627 5.289913
-6.058711 -8.242992
-8.339522 -5.117134
4.935991 -10.222767
9.957322 8.840728
2.522643 7.103953
6.256328 -0.254028
6.391164 0.391167
2.441972 7.150150
-9.316077 -1.517221
0.098403 -4.581289
1.236326 7.625571
-6.435472 5.779375
6.120672 2.675632
7.900181 -8.563455
8.377865 -8.232394
-4.769534 -9.187114
12.118083 4.284587
12.461684 2.342505
-8.187182 -5.417258
6.016309 3.012665
3.924530 13.199284
1.231374 7.643891
10.954207 7.308971
8.390881 10.454011
-6.619585 -7.667233
12.523233 1.267616
4.580102 5.602536
-8.847809 2.009355
-2.831990 -10.157153
3.621131 13.302546
-1.391775 -10.654316
2.325883 -10.821481
-8.433345 -5.091777
-6.834346 5.393040
-9.211783 0.797959
5.899886 -9.788377
-6.095273 6.048512
-8.922419 1.971961
-9.284974 -0.177384
1.790286 -10.881541
-0.635540 -10.808801
6.093120 -0.710114
-6.501312 5.714627
8.585785 -7.942460
-7.057870 5.128481
-1.271197 7.906461
1.548210 -4.647602
6.334510 0.543689
5.424788 -2.131169
-8.149311 3.673791
10.893353 7.360754
-3.293033 7.622483
-1.794285 7.917634
12.468326 2.307693
5.528025 4.334033
6.705131 11.790017
4.177018 -3.533831
6.923092 11.691058
-0.337645 -10.867761
10.353268 -5.957242
-6.881278 -7.312921
6.215107 2.428712
8.676631 10.322245
-1.371255 7.876832
3.651722 13.383409
8.574046 10.354550
-1.133807 -10.651040
-8.307205 3.320876
3.049459 -4.265441
-2.847489 -10.170621
-9.103402 1.005523
11.776175 -3.193727
-8.965893 -3.319021
-8.943239 1.550869
12.393760 3.118453
10.369724 8.199729
8.843230 10.116544
7.532009 11.214869
6.264797 -0.159540
-0.642612 7.884134
-3.912510 7.300832
11.466854 -4.121660
6.205857 2.186760
4.822500 -10.269247
2.899730 6.810485
12.307846 -1.644829
11.403997 6.300391
-4.529260 7.120743
6.003134 3.070942
6.049263 -1.048410
12.042156 4.728659
6.409362 0.969049
-9.292147 -2.144978
12.470958 -0.497623
6.616445 11.922607
-8.956529 1.524133
-4.595452 7.034883
11.230991 -4.583934
-5.092063 6.794133
11.819480 -3.139115
1.288762 -4.687466
5.098956 -2.640941
3.716385 -3.927379
-0.771494 7.914473
-9.098928 1.365773
-9.345363 -1.717503
-5.288639 6.632181
6.215815 -0.099286
0.514690 -4.741907
5.353258 -2.405277
12.489965 2.893475
5.671106 -1.902980
-2.253904 7.791619
11.606737 -3.848436
-7.537210 4.553713
12.233580 4.159609
-3.604975 7.489979
-1.537410 7.828014
6.069697 -0.842942
3.509767 6.534995
6.052144 -1.011756
2.805048 -4.324108
3.553596 6.533984
2.513678 7.076742
-8.106727 3.644908
12.403771 -0.625425
-9.174058 -2.468603
-8.833311 1.969604
3.469745 -10.574171
5.884500 -1.349480
-8.366323 3.247125
3.349501 13.483719
6.918944 11.740645
-6.050439 6.097961
4.623732 5.409205
5.976733 3.382425
8.536233 10.318094
-1.231447 -10.640978
12.555274 -0.132159
-7.900501 4.040075
11.677103 5.690315
4.219021 5.936936
-7.082897 -7.176296
-0.482596 -10.773324
-7.554022 -6.511424
0.760003 -4.736560
9.850297 -6.678823
-9.310367 0.014398
11.569884 5.969310
10.840010 7.484113
3.315645 13.456682
-9.281674 0.412548
3.959539 -3.811249
7.271574 -9.010276
1.730466 13.881126
4.142772 13.156608
2.905695 6.880020
11.816216 5.125772
-4.425118 7.089369
0.903896 7.654696
6.973299 11.600549
4.761414 12.964439
5.348055 -9.985921
-6.150593 -8.120204
0.994886 7.648985
10.434086 -5.834420
-8.668653 2.476638
11.079278 -4.749840
2.063511 13.782358
-7.401219 -6.710555
6.060724 2.993724
12.205521 -1.994243
2.799886 -4.345631
-5.130660 6.707925
-1.598995 -10.584531
6.309479 0.521649
0.644280 7.754340
9.613834 9.157028
-2.782026 -10.144693
-2.248533 -10.336709
2.674974 -4.415009
-8.630198 -4.468828
3.753702 6.346849
3.731984 -3.982560
1.579710 13.951283
5.509603 -2.052310
4.978408 5.163027
7.904157 -8.567938
5.947586 -1.120907
1.015058 -4.680727
1.242822 -4.738615
0.469846 -10.902827
5.978712 -1.216512
-0.569799 -10.820296
3.365270 6.569415
-7.306623 -6.785521
-8.156935 -5.496028
11.812776 -3.019894
5.867961 -1.494414
6.276741 -0.126642
12.504852 -0.466772
-3.964924 7.394197
-9.362186 -0.308362
9.700410 9.002865
4.926944 12.805773
10.518961 7.875075
3.831744 -3.894969
-9.283547 -1.829558
12.402314 3.091430
-8.579680 2.689206
5.322711 -10.008424
6.338753 0.415440
-1.978092 -10.481366
-1.864481 -10.563223
-6.530786 -7.798663
9.583958 -6.958819
-3.147929 -10.108625
0.089655 14.023219
-5.306560 -8.836881
2.642257 -4.459935
12.357803 3.222931
6.265084 0.213875
1.845996 -4.639090
-6.569543 5.672729
12.157102 4.065430
-8.667578 -4.272726
3.011870 6.819602
0.906467 -10.881270
-9.008647 1.373468
-7.709682 4.335403
1.244440 -4.655478
-9.031413 1.350962
-7.742899 4.269120
-7.557638 -6.489901
2.788145 -10.783009
3.462964 13.473032
1.401709 -4.758200
-0.659477 7.895695
-3.088432 7.626706
9.209505 -7.313489
-6.366281 5.736009
-4.804662 6.861102
-3.453628 -9.876863
3.518189 -4.050658
-4.694627 -9.224344
6.358072 0.411015
-6.194420 -7.994016
-9.350221 -1.856212
6.249681 -0.348121
-1.051205 7.876008
-7.540275 4.606930
4.387134 5.869363
-5.203941 6.734777
-8.415879 2.998667
0.361807 -10.885541
1.529726 -4.688364
6.403212 1.037084
10.501222 -5.792243
11.043392 -5.043651
2.799762 13.571894
12.435316 2.484579
7.436005 11.214211
-8.571954 -4.754923
1.078875 -10.856878
9.045625 -7.480992
6.200417 -0.204439
9.983621 8.765100
1.685266 -4.622113
7.792190 11.054899
11.092282 6.874242
-8.181883 3.464971
1.065476 -10.928843
2.508532 13.703361
6.301308 0.183202
1.609800 13.938270
-9.010426 -3.184764
-4.603511 6.991651
12.593075 0.912723
6.296164 -0.308145
-9.124582 1.016744
4.333163 5.893675
5.349094 -2.255268
6.207514 -0.421360
-1.939222 -10.472733
5.685363 12.388789
7.450276 11.265468
0.336252 7.768286
-9.192134 -2.355616
6.805214 -9.240602
4.799279 -10.284116
-9.262647 0.248613
-3.775976 -9.813314
12.187728 4.189800
3.694783 -3.945424
-8.064631 -5.551950
2.421066 -4.543435
5.802479 -1.449291
11.915659 -2.947528
4.304306 5.839186
12.343501 3.219528
1.045071 -10.872422
10.401637 -5.983454
9.210670 9.662395
-5.212283 6.614818
10.673904 -5.421492
3.268237 6.620891
-0.293665 -10.767535
2.244586 7.199231
9.436732 -7.150798
-5.476713 6.438494
-6.255070 5.818745
-4.236148 7.194957
7.932346 -8.507862
-3.692330 7.448537
5.404739 4.350693
11.653612 -3.518544
6.204373 -0.120513
-9.213118 -2.233823
12.419108 3.267673
6.301640 0.199765
-8.614523 2.685874
4.199841 -3.634435
1.606901 -4.662249
-8.106257 3.790089
7.326731 11.413890
6.483054 12.012641
5.935481 -9.701259
5.140557 -2.661680
4.928595 -2.924124
4.672236 5.458433
9.579600 -7.008353
-1.993612 7.881464
-7.661325 -6.437057
9.828619 -6.718194
12.590923 0.585462
4.473618 -3.347333
11.974303 4.722767
-9.043361 1.503196
4.304899 13.125916
2.699754 -4.355353
-0.575331 7.938109
10.305973 -5.999455
8.880545 9.980711
-5.060049 6.760249
0.633207 7.754771
-7.978457 3.997572
11.785882 5.593206
4.850734 12.849544
6.310225 0.706099
1.498106 13.898464
6.201590 -0.201536
-9.245565 0.427738
0.636210 14.018622
6.361394 0.092720
5.623128 4.081944
-1.856129 7.822006
1.128127 -4.766711
-9.083314 -2.968113
-8.918561 -3.644783
0.543591 -4.739419
-7.422699 -6.816481
1.626598 -4.666752
-9.120049 1.334400
8.694160 -7.821773
-4.573864 7.033740
4.368720 13.126695
-4.466271 7.157948
-9.228928 0.474402
5.796437 -1.512870
-2.148159 -10.383289
-1.739604 -10.537503
4.840817 12.811437
-8.181259 3.635186
2.539496 7.167867
-9.372662 -0.336881
2.251834 -10.800249
6.065797 3.205815
-7.216842 -7.035283
6.037603 -9.659835
6.413047 0.556996
0.436873 7.847278
3.304207 -4.145375
-5.938699 6.161348
0.255446 -4.675715
5.755594 -1.737778
12.528447 1.149322
-8.846124 2.126358
-8.582794 -4.666214
-8.159254 3.745535
-7.887038 4.139077
-8.473673 -4.869521
0.869100 -10.834923
1.338270 -4.738111
10.946012 7.308363
6.056408 -0.775639
4.332339 5.860724
6.196446 -0.564519
-8.522431 2.893509
8.369663 -8.208791
2.371220 -4.541782
0.683498 -4.742536
6.120470 -0.542871
0.829556 -4.697935
-7.343121 -6.816240
-4.984999 -9.023134
0.949164 13.979589
-9.333778 0.048820
12.550063 -0.216681
2.785019 13.664283
11.132087 -4.814173
-6.530729 5.688551
5.173278 12.717923
6.246224 -0.266992
11.773995 5.386732
5.340244 4.698474
-8.959325 -3.722692
-9.346010 -1.134125
6.290277 -9.578685
6.393743 1.477988
4.515284 5.677835
5.929330 -1.267712
1.543033 -4.721442
4.558462 -3.231262
0.625829 -4.722290
3.167826 6.723677
3.529827 -10.615569
-4.403225 -9.355223
4.395155 13.113622
-6.249545 -8.105673
4.524111 -3.305741
6.046884 -1.069278
-4.552148 -9.352908
0.911244 13.989050
-3.699217 7.443838
-8.179721 3.523407
8.306114 10.677305
-6.230510 5.929764
12.081344 4.688770
0.542024 14.110696
-6.780238 -7.518931
-8.224215 3.419627
0.493019 7.844501
0.905763 7.746159
0.382363 -4.681642
-4.562157 6.998078
10.976077 7.244448
-8.040751 3.845057
5.906884 -1.278032
-7.886492 -5.998905
-3.496897 7.502254
-3.246368 7.542631
6.988818 -9.174489
-0.035635 7.897110
5.156205 4.794030
-1.090673 -10.668811
6.756258 11.805879
12.434001 -0.396466
6.165544 -0.545737
3.859135 6.192138
-2.983566 7.700778
-2.384469 -10.349303
-9.272186 0.320986
6.345530 0.076347
4.959404 5.149967
3.914269 -10.550450
3.871647 -3.784591
11.028424 -4.892407
4.310865 5.821210
11.136752 6.894758
-5.865377 6.275515
-8.828980 2.274234
2.006891 13.810045
5.616149 -1.962629
-5.912482 6.164187
-6.047272 6.131886
2.880570 -10.691684
1.421452 -4.731761
-8.400049 3.283487
-4.736397 -9.189099
-8.429010 2.993012
12.225809 -1.774912
-9.096334 -2.875142
-1.766313 7.890930
1.364009 14.002090
12.407564 2.771760
4.359054 13.060399
4.218575 -3.614679
4.486289 -3.281358
1.329234 -10.869811
6.348532 1.014228
-7.815089 -6.062539
-1.169887 7.861003
3.197394 6.753313
-0.763534 -10.693585
5.160907 -10.034210
4.131519 6.094721
4.112329 -3.575385
3.754517 -10.548214
5.962053 3.279178
6.409614 0.980726
1.914607 -4.670896
-3.693395 7.452455
-0.431651 -10.803752
-2.907814 7.708896
0.810665 13.970177
1.235181 -4.725084
-8.313890 3.410596
-9.364213 -1.022121
1.724852 -4.716860
-7.261439 4.888170
11.500420 -3.848862
12.211531 -1.724661
12.504125 1.603946
-8.894258 2.104793
1.297952 -4.731968
-7.676842 -6.334375
-8.978340 1.579273
3.968104 6.177861
10.966012 -5.023315
-8.577162 -4.563553
5.236438 4.744643
9.726435 9.020147
6.024640 3.137519
-4.387592 7.146835
3.567707 -4.051831
-9.173818 -2.602316
2.906050 13.600807
2.462345 -4.549155
0.228289 7.887120
6.302256 0.545335
1.873798 -10.904110
4.076894 5.972150
2.571287 -10.778636
5.905943 3.553717
4.458762 -3.440056
1.214965 -4.681747
12.181411 4.125025
11.702456 -3.593456
-5.734382 -8.552071
5.892895 -1.351014
6.846815 11.658482
6.336990 0.601542
1.748608 7.446274
0.237651 7.873987
-0.444811 7.891474
11.145368 -4.653274
2.058907 -4.576283
0.564347 -4.743740
10.401030 8.087519
2.087255 -4.595579
5.035307 -2.694680
12.279419 -1.387876
-2.580918 7.794780
0.123864 -4.571555
2.202810 7.237899
2.504753 -4.540997
3.377276 -10.662501
6.215721 2.399546
-4.299789 -9.469434
-1.057107 7.889767
3.563033 6.475237
12.423016 -0.692630
-1.690760 7.881838
11.310678 -4.320503
-1.778119 -10.567154
1.321710 7.597647
8.411400 10.484768
10.202512 -6.255063
10.034890 -6.386576
6.198484 -0.312933
5.988485 -9.773628
11.248751 -4.493126
