0.353717 0.561351
0.037804 0.469693
0.212446 0.721276
0.378293 0.957427
0.587883 0.914604
-0.001637 0.209508
0.105573 0.039693
0.953334 0.055025
0.611444 0.223084
0.541523 0.081643
0.878393 0.154512
0.404319 0.486958
0.331529 0.625580
0.037249 0.883291
0.719818 0.364978
0.332908 0.822540
0.226438 0.198479
0.873468 0.098554
0.765831 0.399187
0.997079 0.689470
0.612676 0.389303
0.505103 1.012467
0.405537 0.764815
0.660403 0.483851
0.727907 0.330514
1.013691 0.800780
0.450002 0.114719
0.288633 0.612319
0.180256 0.965410
0.549773 0.105910
0.520378 0.095902
0.503075 0.524984
0.539228 0.543851
0.777415 0.843875
0.878852 0.480117
0.160423 0.488468
0.768031 0.050225
0.989159 0.503382
0.102454 0.530155
0.427814 0.238702
0.529605 0.607667
-0.000322 0.707824
0.810528 0.700508
0.843925 0.207358
0.097474 0.608092
0.535506 0.088839
0.176827 0.065194
0.304197 0.813383
0.432925 0.150849
0.927917 0.406235
0.280906 0.462076
0.056410 0.539219
0.410668 0.426707
0.667516 0.257977
0.729504 0.024912
0.111879 0.757593
0.656882 0.074972
0.142282 0.141780
0.389513 0.370529
0.846877 0.039636
0.703045 0.241884
0.884462 0.481705
0.296072 0.558859
0.259973 0.756805
0.696686 0.337847
0.179277 0.014345
0.425089 0.292020
0.437959 0.386678
0.158963 0.529842
0.528969 0.834267
0.827953 0.608938
0.682140 0.104376
0.523178 0.511894
0.661999 0.373290
0.534689 0.312819
0.652646 0.108368
0.224135 0.441647
0.645557 0.335686
0.936640 0.967207
0.655283 0.620073
0.592852 0.727703
0.204795 0.458210
0.701761 0.172894
0.999012 0.135216
0.844923 0.709999
0.461560 0.240532
0.083876 0.890371
0.534062 0.754932
0.619148 0.342800
0.430769 0.266301
0.321281 0.750616
0.307283 0.558218
0.357005 0.724539
0.660689 0.302397
0.521305 0.360997
0.020263 0.060857
0.841848 0.337763
0.945470 0.623884
0.471431 0.457583
0.973528 0.885355
0.497287 0.451879
0.311732 0.056019
0.650663 0.982454
-0.011093 0.966123
0.959738 0.409345
0.127532 0.247607
0.648902 0.115998
0.211082 0.898897
0.796521 0.576406
0.572838 0.039330
0.842100 0.513909
0.382376 0.349053
0.791896 0.501986
0.574794 0.710253
0.366784 0.455840
0.661541 0.204123
0.958377 0.955415
0.456212 0.326596
0.181570 0.972910
0.548614 0.308733
0.903740 0.579035
0.487301 0.693516
0.855432 0.854258
0.244952 0.342069
0.171392 -0.007562
0.416587 0.257625
0.235177 0.416578
0.975313 0.364916
0.363560 0.880286
0.725873 0.871944
0.995334 0.230724
0.822982 0.351321
0.020814 0.969981
0.614730 0.187343
0.812719 0.289964
0.976187 0.428968
0.750166 0.448269
0.463651 0.449935
0.158499 0.274462
0.564227 0.045391
0.057819 0.486439
0.995223 0.825472
0.963349 0.399197
0.827823 0.985526
0.506716 0.519610
0.331707 0.880147
0.468810 0.166312
0.498197 0.501276
0.745878 0.171091
0.624149 0.114286
0.071996 0.769760
0.623476 0.768672
0.141422 0.790075
0.959576 0.659291
0.860943 0.133719
0.312513 0.794144
0.348067 0.912672
0.118790 0.594737
0.326972 0.184877
0.681399 0.779078
0.822572 0.467488
0.274848 0.406829
0.510861 0.126995
0.850029 0.454994
0.859828 0.562581
0.311826 0.457698
0.769997 0.845402
0.626414 0.078597
0.770942 0.870924
0.920201 0.177144
0.177297 0.096798
0.845602 0.329939
0.938405 1.012453
0.126691 0.467269
0.648835 0.300542
0.452588 0.516191
0.459436 0.353241
0.074218 0.403749
0.964238 -0.013300
0.196494 0.531971
0.712066 0.541512
0.022572 0.802943
0.808451 0.351437
0.847958 0.340631
0.943218 0.423364
0.652893 0.476478
0.151214 0.159976
0.268671 0.379289
0.756879 0.090709
0.460260 0.297554
0.939055 0.129931
0.569175 0.520079
0.713868 0.726063
0.426842 0.280984
0.392656 1.016213
0.593919 0.296516
0.782278 0.747396
0.175774 0.897061
0.200985 0.370324
0.568051 0.567746
0.091187 0.035291
0.341500 0.447687
0.381687 0.899892
0.012517 0.026828
0.488108 0.966952
0.989582 0.184839
0.460731 0.555859
0.897275 0.334775
0.082414 0.612057
0.422571 0.576987
0.084479 0.867713
0.802040 0.124292
0.411545 0.348033
0.866940 0.197449
0.606374 0.444743
0.378460 0.774770
0.521861 0.706618
0.772133 0.571186
0.660835 0.121578
0.264592 0.768394
0.204081 0.875629
0.616254 0.318672
0.839378 0.302295
0.940382 0.631898
0.059021 0.567306
0.187293 0.287678
0.456299 0.928676
0.838539 0.307296
0.395937 0.172512
0.637606 0.249045
0.368558 0.843105
0.522287 0.205006
1.018041 0.719254
0.750346 0.746727
0.539397 0.206892
0.464123 0.682104
0.743490 0.918563
0.979647 0.752696
0.354061 1.015867
0.816890 0.518905
0.437538 0.294111
0.398847 0.870598
0.587654 0.593753
0.844679 0.605168
0.272690 0.015531
0.238109 0.054880
0.230745 0.392051
0.762014 0.708758
1.007889 0.653889
0.828536 0.515495
0.017065 0.435696
0.216886 0.533913
0.465632 0.841975
0.832542 0.794086
0.118827 0.146802
0.483386 0.389979
0.046387 0.072854
0.573587 0.084262
0.305775 0.699356
0.426216 0.207709
0.256697 0.363012
0.645180 0.558277
0.918301 0.393896
0.266568 0.079767
0.385327 0.305556
0.460018 0.631119
0.697358 0.759577
0.148379 0.217746
0.462288 0.333899
0.001747 0.764427
0.940495 0.673281
0.846648 0.613209
0.406980 0.564718
0.538464 0.331396
0.698240 0.220458
0.674611 0.613642
0.726365 0.371824
0.887921 0.609171
0.387647 0.337794
0.724919 0.004561
0.719519 0.161300
0.395117 0.802964
0.964568 0.537332
0.160836 -0.004158
0.247455 0.561305
0.048125 0.726651
0.614174 0.386517
0.287911 0.610017
0.693546 0.787356
0.900668 0.083935
0.673812 0.837375
0.924800 0.123687
0.594612 0.629384
0.607933 0.218179
0.131488 0.208515
0.982821 0.912338
0.039698 0.855400
0.852827 0.976949
0.076326 0.121669
0.498613 0.158932
0.867319 0.725982
0.041254 0.834356
0.296430 0.793245
0.295304 0.329035
0.581824 0.160121
0.986151 0.016407
0.904281 0.958460
0.321093 0.524382
0.879354 0.690069
0.340294 0.273829
0.056409 0.554574
0.599023 0.825741
0.767090 0.053922
0.033716 0.102348
0.727280 0.828775
1.011988 0.620637
0.053418 0.804163
0.365172 0.249643
0.270362 0.202676
0.714612 0.616520
0.268433 0.368401
0.947365 0.022757
0.653076 0.740152
0.882859 1.002302
0.564929 0.287647
0.810029 0.996444
0.861047 0.918265
0.593773 0.135656
0.635905 1.008534
0.963689 0.064411
0.052739 0.277926
0.508351 0.741152
1.006440 0.856338
0.401478 0.091273
0.769840 0.105827
0.562691 0.993998
0.396608 0.151509
0.688011 0.042823
0.856834 0.490896
0.227095 0.816159
0.012263 0.316651
0.914475 0.069891
0.812750 0.675671
0.782728 0.402979
0.895193 0.136816
0.577976 0.513344
0.756980 0.042935
0.969231 0.941755
0.909257 0.790672
0.983944 0.266582
0.702163 0.607559
0.247570 0.134463
0.945871 0.273444
0.360131 0.329086
0.098896 0.125782
0.484726 0.550177
0.132696 0.369977
0.946951 0.049173
0.087983 0.690453
0.777602 0.364090
0.891654 0.090189
0.125848 0.971662
0.235960 0.108229
0.865169 0.936746
0.557248 0.069566
1.023301 0.170526
0.398679 0.942098
0.922079 0.217543
0.649957 0.233513
0.252036 0.451647
0.154917 0.063944
0.703556 0.546702
0.111229 0.487990
0.018984 0.743283
0.401808 0.936831
0.011053 0.663222
0.593426 0.220408
0.135435 0.978002
0.969218 0.605892
0.489864 0.039039
0.151931 0.207260
0.682040 0.206153
0.730743 0.155698
0.086221 0.513659
0.044276 0.579136
0.788975 0.270707
0.574588 0.073983
0.173444 0.946619
0.717220 0.321981
0.611965 0.760417
0.948352 0.266165
0.641281 0.431009
0.751571 0.752877
0.193271 0.345028
0.464878 0.340785
0.332930 0.863132
0.190497 0.504263
0.824544 0.315906
0.241181 0.114432
0.851857 0.758388
0.075075 0.746865
0.417097 0.135470
0.493357 0.275478
0.179733 0.274360
0.389024 0.824276
0.930504 0.260462
0.190495 0.880535
0.965506 0.078825
0.071450 0.220075
0.119320 0.507985
0.445574 0.084775
0.232548 0.398598
0.804970 0.747772
0.177496 0.303941
0.289112 0.917060
0.801478 0.277233
0.969703 0.581812
0.833307 0.013711
0.965914 0.214783
0.731536 0.927836
0.481610 0.831591
0.947811 0.458406
0.310879 0.304640
0.272407 0.577509
0.106024 0.806159
0.810149 0.709856
0.571416 0.433422
0.255206 0.358084
0.609231 -0.016639
0.742419 0.524737
0.124123 0.065654
0.714429 0.782205
0.155859 0.692403
0.638810 0.383620
0.880056 0.017535
0.542853 0.544257
0.535164 0.621320
0.039786 0.909649
0.495784 0.633957
0.633597 0.849474
0.194456 0.450426
0.967733 0.702634
0.902922 0.240512
0.972953 0.148979
0.150666 1.004342
0.216218 0.206047
0.787399 0.447772
0.110229 0.563622
0.047644 0.262823
0.796036 0.684119
0.831170 0.477990
0.534543 0.069769
0.694227 0.110839
0.154155 0.792739
0.768313 0.644170
0.787377 0.951938
0.895691 0.462401
0.311060 0.111242
0.078879 0.265393
0.533310 0.464733
0.044492 0.602744
0.177024 0.396805
0.194247 0.254205
0.229914 0.265921
0.802023 0.782701
0.059342 0.273700
0.728645 0.816338
0.380558 0.365754
0.119626 0.163137
0.260139 0.430187
0.009821 0.242616
0.321843 0.614041
0.175490 0.169183
0.904864 0.509221
0.289432 0.794263
0.329346 0.151636
0.106962 0.684279
0.073362 0.276737
0.435927 0.724782
0.122960 0.938476
0.882224 0.952345
0.243932 0.172141
0.658580 0.973847
0.614608 0.092382
0.345986 0.947084
0.419233 0.622720
0.406815 -0.017113
0.264537 0.429156
0.686674 0.653095
0.505581 0.308232
0.787829 0.961726
0.766068 0.306919
0.693295 0.718958
1.004877 0.214327
0.981808 0.550964
0.480953 0.461644
0.073037 0.446495
0.729717 0.369260
0.855036 0.848840
0.216098 0.639370
0.959289 0.818375
0.881531 0.078829
0.517995 0.289404
0.201158 1.003554
0.834411 0.589700
0.791382 0.115880
0.504373 0.133217
0.904050 0.274037
0.856496 0.373624
0.926053 0.829656
0.052707 0.179485
0.765388 0.262482
0.117643 0.023698
0.712724 0.133204
0.379999 0.366828
0.434577 0.980404
0.099159 0.738464
0.774255 0.358523
0.714679 0.418797
0.804075 0.404915
0.226190 0.657930
0.482175 0.341915
0.574406 0.719535
0.911184 0.352885
0.423183 0.549178
0.570915 0.256154
0.422917 0.819408
0.529676 0.980883
0.283186 0.650614
0.326562 0.642426
0.696013 0.626586
0.260073 0.509153
0.195252 0.727402
0.150603 0.913717
0.423967 0.489285
0.046175 0.288423
0.947812 -0.005734
0.939296 0.600280
0.967538 0.550217
0.827321 0.356721
0.817917 0.466090
1.002500 0.707352
0.547888 0.661070
0.964565 0.463649
0.646652 0.873055
0.914359 0.020636
0.395364 0.414019
0.748593 0.601754
0.692782 0.359656
0.072041 0.812266
0.537046 1.004241
0.933374 0.043515
0.495686 0.175686
0.117356 0.676324
0.838035 0.368691
0.928553 0.703061
0.637796 0.919049
0.311703 0.174206
0.430125 0.695311
0.917454 0.641929
0.628091 0.856009
0.122945 0.339177
0.182960 0.111372
0.843761 0.559382
0.333452 0.268069
0.605508 0.543881
0.890844 0.839257
0.239145 0.258490
0.564028 0.191373
0.806563 0.397735
0.054630 0.591898
0.357462 0.596749
0.750853 0.083872
0.641016 0.247989
0.317582 0.060547
0.402445 0.954514
0.586594 0.275829
0.700229 0.512128
0.174170 0.573870
0.212345 0.624108
0.748026 0.307256
0.712223 0.505830
0.167305 0.683622
0.264775 0.516291
0.787602 0.223807
0.053862 0.036889
0.194305 0.199547
0.412014 0.171577
0.338713 0.230680
0.668366 0.901437
0.332521 0.735598
0.916634 0.008249
0.797028 0.212357
0.516638 0.843822
0.739444 0.585690
0.134668 0.423562
0.104589 0.463754
0.602345 0.402593
0.381027 0.691322
0.664774 0.601392
0.424194 0.791386
0.425372 0.310793
0.988889 0.203918
0.203054 0.903741
0.079254 0.573258
0.310194 0.330599
0.606046 0.831832
0.629646 0.788860
0.965921 0.790020
0.757278 0.386538
0.880249 0.454009
0.706994 0.108212
0.477168 0.961029
0.047929 0.082173
0.964518 0.614463
0.273640 0.111559
0.073310 0.108564
0.160291 0.771624
0.666718 0.273560
0.380856 0.285721
0.829164 0.649593
0.981315 0.019243
0.320446 0.358031
0.590759 0.828864
0.453156 0.890996
0.103046 0.913518
0.730672 0.277872
0.588709 0.334003
0.725650 0.339612
0.072228 0.983950
0.184097 0.939932
0.136128 0.165892
0.532700 0.291810
0.227066 0.191141
0.308698 0.036355
0.574771 0.809024
0.517910 0.486844
0.890641 0.910062
0.246918 0.603598
0.462270 0.281530
0.686358 0.275130
0.100093 0.040644
0.128020 0.379150
0.188825 0.210367
0.131018 0.129093
0.096961 0.035624
0.405408 0.338672
0.203934 0.254601
0.285420 0.791930
0.098293 0.646749
0.581621 0.567165
0.052554 0.451013
0.096095 0.702717
0.867326 0.909669
0.685586 0.300045
0.541507 0.570369
0.939950 0.845192
0.375045 0.575440
0.115663 0.920274
0.634554 0.186228
0.457114 0.541027
0.301162 0.856699
0.775986 0.299212
1.005532 0.823822
0.524324 0.032774
0.066775 0.392072
0.587453 0.623103
0.031046 0.505484
0.964607 0.290308
0.816752 0.250150
0.445751 0.779558
0.680970 0.567177
0.921787 0.276971
0.614678 0.204293
0.821494 0.785092
0.049344 0.449810
0.711144 0.202916
0.253371 0.185921
0.251195 0.731753
0.960969 1.002342
0.325587 0.829278
0.826003 0.306817
0.020203 0.397528
0.408106 0.493537
0.752432 0.222583
0.723630 0.693252
0.971158 0.090567
0.706224 0.096026
0.123127 0.278870
0.074988 0.063502
0.335232 0.232998
0.571196 0.775815
0.399097 0.889649
0.141528 0.570592
0.590661 0.615341
0.901488 0.941490
0.213938 0.971083
0.188933 0.214933
0.884783 0.485836
0.177955 0.192318
0.996226 0.465003
0.375744 0.282215
0.851481 0.831880
0.901243 0.722790
0.947211 0.502522
0.716285 0.604690
1.012306 0.184760
0.631707 0.691353
0.951612 0.783365
0.280317 0.900108
0.620384 0.675716
0.274837 0.555130
0.128540 0.236387
0.642792 0.130058
0.684810 0.106374
0.827704 0.419467
0.338834 0.786479
0.639809 0.164379
0.527055 0.488040
0.404348 0.058008
0.714678 0.236040
0.916178 0.722442
0.962109 0.871667
0.066997 0.122867
0.047773 0.300106
0.578105 0.471899
0.968981 0.102228
0.258579 0.255517
0.712062 0.649788
0.889818 0.549798
0.426025 0.491318
0.686658 0.124574
0.250783 0.832961
0.258914 0.281009
0.623080 0.811826
0.188730 0.349886
0.959117 0.848942
0.606965 0.040739
0.822001 0.035551
0.865970 0.653776
0.907457 0.909079
0.433574 0.716402
0.170106 0.228313
0.031393 0.127257
0.082803 0.799314
0.817483 0.298760
0.884022 0.569607
0.404846 0.610038
0.447090 0.501196
0.414001 0.040061
0.806895 0.680440
0.132844 0.729513
0.329070 0.810046
0.801708 0.608056
0.228929 0.829982
0.356846 0.078860
0.346408 0.050256
0.184286 0.955540
0.595639 0.315437
0.038840 0.754307
0.017507 0.490851
0.999232 0.783296
0.775052 0.844061
0.271948 0.345429
0.255648 0.076682
0.345026 0.685449
0.454637 0.718530
0.168241 0.920800
0.986897 0.726179
0.307630 0.691643
0.060599 0.592763
0.863585 0.653919
0.726234 0.424141
0.174975 0.795209
0.907975 0.787062
0.804064 0.236822
0.051599 0.091634
0.735472 0.369591
0.196830 0.813691
0.481314 0.585410
0.137115 0.419050
1.000102 0.506850
0.671668 0.314895
0.441606 0.185327
0.772795 0.072985
0.848928 0.151825
0.767907 0.242147
0.105716 0.130629
0.025988 0.084381
0.366276 0.572568
0.125357 0.880411
0.103015 0.588829
0.325697 0.402281
0.902656 0.752837
0.330822 0.980133
0.539720 0.450722
0.274206 0.398191
0.780487 0.622211
0.719950 0.355172
0.260463 0.140668
0.047530 0.364274
0.769030 0.967271
0.101448 0.744753
0.798294 0.732869
0.972804 0.742868
-0.014370 0.501359
0.600004 0.940382
1.009477 0.826104
0.736510 0.873414
0.774469 0.768693
0.483328 0.424784
0.871579 0.226340
0.765096 0.281650
0.187458 0.716916
0.295361 0.409114
0.499489 0.359237
0.007651 0.882669
0.088306 0.665422
0.604117 0.501220
0.074818 0.947616
0.473602 0.227764
0.800912 0.409087
0.169054 0.581516
0.818242 0.638968
0.681057 0.109671
0.474564 0.553229
0.391482 0.053598
0.931178 0.501693
0.283783 0.182629
0.110469 0.454335
0.175977 0.609901
0.331700 0.532613
0.845344 0.382749
0.301185 0.402562
0.119687 0.310013
0.847169 0.139948
0.309476 0.920742
0.755807 0.262714
0.793144 0.979439
0.051183 0.772457
0.510087 0.053478
0.337469 0.388358
0.922541 0.990427
0.223027 0.330828
0.440701 0.086386
0.242735 0.358793
0.782430 0.714762
0.503472 0.976731
0.349880 0.034970
0.395928 0.212966
0.576222 0.929480
0.806856 0.265946
0.173821 0.632407
0.727541 0.494766
0.601978 0.878648
0.842439 0.759486
0.199271 0.047347
0.994856 0.967936
0.772128 0.237358
0.485592 0.238725
0.081273 0.467233
0.921633 0.880328
0.826592 0.820630
0.957606 0.864278
0.214419 0.244420
1.020359 0.133750
0.754238 1.013363
0.515547 0.097607
0.697785 0.405338
0.563919 0.963190
0.573020 0.876440
0.214093 0.439205
0.859263 0.336258
0.507713 0.854162
0.438462 0.800695
0.349875 0.404767
0.687487 0.204094
0.216573 0.521224
0.819133 0.389677
0.060072 0.234289
0.617303 0.746997
0.405289 0.320678
0.845138 0.508315
0.800195 0.372670
0.142525 0.829024
0.476614 0.436032
0.624693 0.085592
0.318847 0.916928
0.439056 0.388015
0.349128 0.310930
0.839186 0.160292
0.536431 0.859028
0.313340 0.145726
0.680373 0.962438
0.488750 0.671754
0.544347 0.416283
0.688988 0.111495
0.199656 0.678063
0.044288 0.523832
0.384819 0.525583
0.791081 0.601308
0.622341 0.390932
0.577794 0.957288
0.655228 0.898199
0.121249 0.199999
0.030806 0.741541
0.971251 0.310238
0.803820 0.438446
0.307761 0.231636
0.787909 0.696840
0.863076 0.707959
0.897965 0.998357
0.234431 0.019965
0.726589 0.256232
0.688706 0.297691
0.326004 0.834829
0.180499 0.633729
0.309383 0.379369
0.621528 0.725832
0.619268 0.094847
0.673833 0.703862
0.462793 0.874340
0.159444 0.896190
0.979713 0.874348
0.145992 0.864382
0.617068 0.579216
0.518165 0.269324
0.812854 0.970023
0.826801 0.256595
0.560384 0.797910
0.175837 0.431852
0.592065 0.893804
0.209111 0.190039
0.772941 0.389320
0.226863 0.808318
0.301333 0.364355
0.825998 0.122974
0.212917 0.145569
0.178791 0.788233
0.129719 0.366543
0.073384 0.841385
-0.004449 0.491655
0.996952 0.322635
0.226242 0.834542
0.711019 0.713880
0.682095 0.656682
0.587682 0.681179
0.889194 0.359753
0.978762 0.030238
0.225981 0.457651
0.548253 0.454200
0.620813 0.723208
0.675269 0.326351
0.656735 0.361452
0.608754 0.598767
0.808201 0.198749
0.288253 0.993329
0.120809 0.827204
0.603850 0.150723
0.120207 0.257134
0.681098 0.578426
0.790861 0.645808
0.720506 0.108394
0.884784 0.748758
0.576730 0.048698
0.986312 0.907791
0.192474 0.106295
0.382982 0.169771
0.205563 0.079614
0.372695 0.927075
0.471761 0.562652
0.231104 0.907512
0.373533 0.432021
0.489297 0.866845
0.481120 0.727057
0.109864 0.110633
0.159909 0.540268
0.041736 0.421074
0.032032 0.486938
0.130577 0.534911
0.231686 0.887161
0.552910 0.928587
0.737150 0.262133
0.910755 0.193088
0.241065 0.281619
0.348987 0.814745
0.696072 0.390888
0.517646 0.301956
0.447381 0.651098
0.337403 0.590874
0.626062 0.544121
0.141748 0.229793
0.078246 0.203382
0.343260 0.660415
1.016234 0.027642
0.654473 0.252548
0.322402 0.542508
0.217835 0.128316
1.012157 0.416894
0.513865 0.597680
