12.608313 0.824951
6.297157 1.894491
-8.998120 1.959638
9.484541 9.410689
0.754639 -4.791983
-5.051003 6.827140
-9.472194 -1.159810
-9.383599 -2.189128
-9.358685 -2.409134
-1.430706 7.903960
-9.364034 -2.342354
-1.161849 7.921647
5.437203 4.357756
-9.117085 -3.570899
-9.280252 -2.846729
5.638584 -10.017542
2.224980 -10.967174
0.236005 7.822823
5.487336 12.592175
8.830189 10.129961
-9.121622 1.527569
11.727820 5.676050
10.939133 -5.214928
3.760359 6.288989
4.708533 -3.196163
7.792311 11.077145
2.708261 6.981083
6.724152 -9.458129
3.500800 -4.115530
5.380122 4.450117
-2.714263 -10.384331
3.671865 -4.024425
-7.784432 -6.436329
6.236567 2.321211
12.143820 4.444715
6.360485 0.834275
-1.933006 7.858648
4.577055 -3.328007
-7.591269 -6.723820
8.147615 -8.480416
2.694359 13.690104
-9.394003 0.255003
-1.710304 -10.683446
1.204340 7.608388
5.860479 3.499509
-8.932039 -4.148434
6.821969 11.779412
0.149654 -4.725683
0.926054 -11.035710
6.375748 0.966578
0.762186 -11.028028
-3.863178 -9.883996
9.088199 9.846327
4.082814 -3.748791
5.005394 -2.871847
3.032164 6.799960
2.065218 13.836783
-7.288238 4.974267
5.329235 -2.428487
9.486273 9.402288
2.515557 7.087641
-7.621044 -6.664481
-8.548099 3.059089
1.837776 -10.993769
12.608321 0.576091
5.329244 -2.429292
10.087226 8.638974
-0.113916 7.873652
6.074435 -0.880485
3.069872 6.782328
-7.189433 -7.225460
6.180976 -0.545860
-8.525518 -5.136031
0.547982 7.771431
10.838473 7.499036
10.213736 -6.331676
2.316685 -4.621498
-8.889442 2.241018
2.231090 7.239728
2.527436 -4.557015
5.267891 -2.515492
-2.158056 7.836796
-5.333858 -8.984119
12.541083 -0.413894
-9.099490 1.597027
11.847591 5.342481
4.681015 5.404915
5.931489 3.342589
10.720554 -5.587909
-7.145605 5.132354
-8.614438 -4.946711
7.216004 -9.153472
2.029810 -10.978247
0.281111 -4.755208
-9.442677 -1.660015
1.164048 -11.036258
6.368040 1.276871
0.272619 -4.747606
6.366906 0.882006
1.460090 7.541188
12.520662 -0.508524
4.129205 -10.589175
5.608250 4.066181
-8.725897 -4.698719
-0.954929 -10.853829
-6.845874 -7.639987
4.445911 5.658537
12.295110 3.807716
-6.303372 -8.170972
1.545147 -4.781000
5.055361 -2.804888
-3.870372 7.385714
5.128437 4.845043
12.154126 -2.350216
2.773682 -4.470991
5.961533 3.259148
-7.385792 4.856156
9.689655 -6.980318
6.225987 12.178866
-8.321292 3.483161
9.289673 -7.427705
-8.647818 -4.865955
-1.292379 -10.779355
4.943843 -2.929355
1.034575 -11.038658
5.287018 4.597034
-5.982938 -8.470620
-7.863752 4.212376
6.146318 -0.642964
8.138482 -8.481005
12.292587 3.866554
3.425583 6.540641
5.490820 -2.156916
5.296494 -2.484757
-4.966403 -9.237875
2.778470 6.952587
1.632307 -4.763561
0.278069 14.120509
3.474773 -10.754466
2.370635 -4.614655
10.390419 8.202025
6.366096 1.374691
5.240701 4.684351
6.706895 11.880350
-6.978688 -7.480487
8.629621 10.320673
4.376397 5.727294
-1.057983 7.923515
1.396357 -11.028827
0.043424 7.850221
0.739972 -4.794199
0.144932 -10.991552
3.441705 -4.151509
12.387856 -1.394070
2.076144 -4.690218
4.355385 -10.507942
6.346880 1.494962
5.199659 4.727063
12.230136 4.077627
0.325821 -4.753464
4.446263 -3.447375
5.400919 4.413250
6.340918 0.398615
12.610972 1.431323
-1.277337 -10.787607
-3.375301 7.559004
-7.258922 -7.137490
6.945775 11.699691
-4.922269 6.903434
-7.123123 5.146291
3.926616 -3.859419
12.247060 4.048003
8.474878 10.480795
3.531815 -10.737859
9.037161 9.902884
4.483157 -3.407185
12.578905 1.908765
-4.085775 -9.770828
8.840615 -7.886843
10.406832 -6.045374
1.472163 7.529744
4.062232 6.029703
5.914939 3.390440
2.687590 7.000030
0.779866 -11.028829
1.330652 -4.793391
3.298294 6.617556
-1.994334 7.857806
0.571512 7.762153
8.312794 -8.343822
-6.102412 -8.360264
0.862765 -11.028677
5.164057 4.796213
-9.067530 1.722212
2.768756 6.962526
12.008253 -2.841462
5.111186 12.788274
0.772840 14.074196
11.147292 6.930628
6.140002 -0.683905
-8.295827 3.538147
0.268262 -4.751583
5.501516 4.252444
-6.712615 5.581042
11.817088 5.439787
-1.940732 7.859572
-3.990032 7.342042
4.161661 13.199690
1.447638 7.535494
3.866653 13.313640
10.810331 7.543292
5.962491 3.261736
-5.595062 6.485174
6.263813 2.180154
-8.927874 2.138992
4.705244 -3.185667
8.392132 10.545918
0.225134 -4.741436
8.227148 -8.420877
3.250085 6.661844
-2.876934 -10.312202
8.693366 10.253453
6.371593 1.178324
11.316815 6.623937
6.017292 -1.046232
-8.887528 -4.287310
-8.091178 3.888154
10.017597 8.742789
5.116346 4.846752
-4.864464 -9.307828
0.830351 -4.796458
10.974398 7.258904
11.076270 -4.993563
6.372439 0.938554
6.110600 2.800191
5.958430 -1.223633
5.846881 3.564044
-6.123371 6.094904
7.148240 11.568644
3.666085 6.365716
11.941948 5.071734
1.981165 13.867978
-2.979036 -10.274843
4.574141 -3.326650
11.005223 -5.109189
5.818162 -1.559503
12.322190 -1.655462
6.300463 0.046282
5.095905 4.898376
-4.827473 -9.325069
5.691344 -9.997685
4.179437 -3.663080
12.236865 4.071539
2.442126 13.760675
0.004133 -4.709388
1.643182 -4.762498
4.223894 5.868057
-8.706184 2.696259
5.141521 4.817956
2.856423 -4.443183
4.727476 5.345418
-5.762788 6.369007
1.673757 -4.759255
12.496507 -0.672569
-3.514614 7.511396
8.699810 10.249847
5.037446 -2.819598
10.188142 8.491587
11.664062 -3.765805
-7.827178 4.296161
3.881797 -10.650474
2.200527 -4.652236
-3.275545 -10.154469
5.036269 4.963248
9.538692 -7.159575
5.693084 -1.822719
-9.355581 -2.413995
5.331761 -10.158707
-7.739870 4.401724
-8.035520 -6.048029
1.718191 -4.756331
-5.910697 6.268161
5.306417 -10.171020
4.149227 -3.695453
4.481565 5.621720
-8.904844 2.234012
-6.302732 -8.177812
6.317863 1.772006
11.303764 -4.551849
-8.922206 -4.158679
-7.053589 5.237914
5.789690 -9.964713
4.925097 -2.953124
0.969409 -4.809731
-5.835626 -8.600178
2.570760 -4.539571
-1.721735 7.896352
8.854737 -7.854541
-9.347700 0.546247
8.584696 -8.111509
6.157783 -9.773112
4.350609 5.757332
-8.889152 -4.268917
11.318976 -4.515634
10.234693 8.435516
-2.779744 -10.358621
-9.407520 0.014904
6.054648 2.977159
4.659430 5.441700
2.302584 -4.628870
2.185691 7.246333
6.419829 -9.630053
9.143519 -7.585486
12.601378 1.260066
-2.544898 -10.430514
12.595969 0.214264
-7.744625 -6.502782
0.681080 -4.799536
7.005730 -9.294118
-9.463092 -1.010119
-7.215605 5.058927
1.236690 -11.035911
1.808186 -10.996756
5.685003 3.923617
6.064084 2.956627
6.222637 -0.365488
6.372135 0.824832
-0.026664 7.859427
4.210473 5.906616
7.617241 11.204748
-7.419692 -6.959060
12.413684 -1.213893
12.570211 -0.116352
4.746707 -3.154834
10.121024 8.597675
12.492641 -0.722251
5.562966 4.128695
6.286296 -0.045676
7.699221 -8.826386
-9.466177 -0.661353
2.113119 -4.675159
10.380624 8.231245
-8.427405 3.283371
12.615116 0.784023
1.649092 -4.767035
4.283319 -3.583983
10.003106 8.755660
2.204557 -10.957978
-8.677689 2.760381
-0.459892 7.902987
0.097215 7.851658
12.216721 -2.105763
6.619547 -9.531218
3.855756 -10.660666
5.190079 -2.621272
2.169683 -10.967576
-5.020117 6.846194
6.332627 0.248182
5.942198 -1.248585
2.813511 6.929722
6.289278 2.036021
-7.464605 -6.886581
-4.914774 6.899469
5.587679 -2.017320
9.326866 -7.390821
12.250516 -2.024624
6.315524 1.812034
2.098637 -4.683899
-6.178454 6.046103
12.596742 0.475437
-5.074890 6.809336
12.573509 -0.022716
0.706390 -4.797220
7.135395 11.569048
-8.833623 -4.411027
4.201121 5.899288
9.996275 -6.612382
-8.249427 3.634409
1.951231 -4.708866
-3.859701 7.383714
4.375123 -3.504668
6.320136 0.186823
5.663639 -1.888538
6.314503 0.229196
11.004836 7.195465
-5.514611 -8.845909
9.950079 -6.672632
4.564615 13.038045
-6.729767 -7.752225
-4.477968 -9.539124
6.293503 2.019155
12.585069 1.867043
-6.404382 -8.072523
4.966099 -2.902114
1.420508 -11.024839
12.608891 0.915076
6.702555 -9.471663
-7.967328 4.061224
9.122732 9.800626
5.114011 4.871210
4.004933 -3.790674
12.500530 -0.660978
-7.310053 -7.089510
2.066019 7.295277
0.694259 -11.020040
-1.918916 7.863632
6.150202 -9.768331
3.870245 -3.908220
-7.968442 4.077624
-8.176467 -5.817970
-3.951113 -9.843616
0.096586 -10.994597
-0.402768 7.907125
2.168561 13.815445
-5.526381 -8.832340
-8.625663 -4.911119
-2.045139 7.853050
-7.810427 -6.399046
-7.687209 4.457877
9.164277 9.778811
2.320040 7.192252
12.090201 -2.596547
-3.200692 -10.191475
11.686363 -3.699651
2.926302 -4.401799
12.063766 4.718560
10.641160 -5.708940
-7.001228 5.292975
-6.171528 -8.305816
-8.484498 -5.213511
4.961368 -10.309931
9.958754 8.826140
2.525701 7.085383
6.236860 -0.297157
6.346883 0.392352
2.402898 7.147828
-9.446483 -1.595739
0.094907 -4.714742
1.192851 7.617356
-6.553855 5.733579
6.147792 2.648301
7.858326 -8.705919
8.346704 -8.322709
-4.911251 -9.275096
12.196904 4.210468
12.536169 2.338769
-8.335788 -5.507734
6.051643 2.975837
3.950181 13.274552
1.155663 7.630441
10.950933 7.315000
8.399324 10.528464
-6.745912 -7.739213
12.604856 1.192542
4.533610 5.577370
-9.001590 1.923023
-2.950236 -10.286347
3.616156 13.394878
-1.411142 -10.766281
2.286923 -10.956133
-8.504214 -5.196320
-6.906895 5.392757
-9.304812 0.776953
5.921473 -9.893611
-6.229051 6.011986
-8.998713 1.958066
-9.435884 -0.266314
1.763508 -11.006049
-0.653349 -10.911012
6.112981 -0.761811
-6.553320 5.733400
8.618565 -8.070557
-7.132006 5.150534
-1.378193 7.913823
1.529307 -4.769201
6.348841 0.531689
5.455835 -2.221251
-8.221050 3.672909
10.931987 7.340724
-3.332028 7.581589
-1.902953 7.877566
12.539892 2.307321
5.500730 4.263573
6.691776 11.872518
4.172655 -3.663088
6.932397 11.715913
-0.383916 -10.951103
10.406047 -6.049954
-7.008847 -7.440272
6.209604 2.414694
8.660153 10.300017
-1.464151 7.905656
3.605998 13.411207
8.533490 10.412723
-1.247977 -10.793602
-8.423889 3.297400
3.065528 -4.346752
-2.948058 -10.289933
-9.266441 0.922379
11.845300 -3.287322
-9.139034 -3.432793
-9.107864 1.554571
12.435352 3.111861
10.429429 8.156381
8.823064 10.132599
7.506179 11.290342
6.259812 -0.175076
-0.744594 7.916541
-4.035021 7.317989
11.457423 -4.242932
6.248845 2.184652
4.778221 -10.377882
2.909842 6.861322
12.327882 -1.672005
11.452629 6.310434
-4.611361 7.071420
6.039552 3.015822
6.013649 -1.095073
12.059901 4.720811
6.373373 0.933223
-9.389232 -2.232343
12.516995 -0.538188
6.606707 11.938894
-9.124437 1.498237
-4.676850 7.031129
11.257794 -4.647331
-5.177324 6.759515
11.855319 -3.268903
1.268496 -4.793973
5.103901 -2.730531
3.670876 -4.025352
-0.805429 7.921905
-9.191181 1.298475
-9.434759 -1.828946
-5.375554 6.631693
6.259581 -0.130993
0.417086 -4.778458
5.294491 -2.488500
12.484105 2.857151
5.626837 -1.956148
-2.359279 7.802707
11.590204 -3.954452
-7.655038 4.518514
12.226028 4.142492
-3.702574 7.455062
-1.647511 7.887155
6.074873 -0.893946
3.457000 6.521686
6.025288 -1.058253
2.819308 -4.445102
3.523858 6.477507
2.433290 7.127542
-8.223419 3.654636
12.488404 -0.702852
-9.335828 -2.527488
-9.002117 1.909649
3.428547 -10.755603
5.897195 -1.378738
-8.478022 3.198013
3.277371 13.520562
6.905820 11.740872
-6.111044 6.109384
4.640352 5.439658
5.933097 3.348950
8.567380 10.370218
-1.306030 -10.782701
12.558149 -0.223193
-7.988068 4.044021
11.708142 5.714392
4.165597 5.940817
-7.144269 -7.296014
-0.524711 -10.921755
-7.693746 -6.571453
0.697221 -4.800277
9.893445 -6.737663
-9.426495 -0.087846
11.597662 5.986517
10.849882 7.487854
3.322955 13.500612
-9.377192 0.348856
3.910358 -3.874069
7.252191 -9.135139
1.726088 13.916615
4.146849 13.204362
2.844011 6.909944
11.903052 5.161991
-4.480637 7.123536
0.866798 7.696293
6.991632 11.666734
4.727061 12.969385
5.354314 -10.143069
-6.297095 -8.184732
0.917215 7.686164
10.460464 -5.970635
-8.815889 2.433243
11.151673 -4.832489
2.068469 13.840651
-7.523820 -6.806323
6.067367 2.943054
12.229897 -2.074364
2.776342 -4.464555
-5.216487 6.727173
-1.717570 -10.689357
6.337157 0.428825
0.640831 7.753643
9.655921 9.193347
-2.868820 -10.313406
-2.333676 -10.502319
2.592360 -4.534330
-8.779046 -4.545303
3.688730 6.347909
3.685420 -4.025378
1.540922 13.957574
5.547646 -2.077207
4.913998 5.137601
7.936764 -8.647054
5.986340 -1.141334
1.005825 -4.800158
1.181067 -4.805090
0.432687 -11.018919
5.936656 -1.295705
-0.679496 -10.907166
3.357284 6.582510
-7.427240 -6.927587
-8.269461 -5.634650
11.894310 -3.141524
5.835599 -1.535924
6.262807 -0.163452
12.525046 -0.506848
-4.003746 7.346637
-9.455306 -0.411572
9.761842 9.055637
4.908436 12.874848
10.577056 7.916301
3.828673 -3.929395
-9.417945 -1.930653
12.443982 3.063454
-8.742433 2.612693
5.337951 -10.151593
6.338863 0.388506
-2.067197 -10.593019
-1.889828 -10.650373
-6.595700 -7.900445
9.638825 -7.035919
-3.186651 -10.201697
0.079960 14.129308
-5.391624 -8.942458
2.641098 -4.522193
12.424053 3.163269
6.303648 0.146197
1.798094 -4.736269
-6.626668 5.668826
12.242081 4.021938
-8.828520 -4.403762
2.961958 6.840877
0.855503 -11.027718
-9.180050 1.293599
-7.810327 4.307676
1.241790 -4.790652
-9.170245 1.341581
-7.852604 4.244564
-7.649168 -6.632635
2.726785 -10.899609
3.382278 13.490289
1.356470 -4.799008
-0.671806 7.915536
-3.175633 7.619663
9.278358 -7.425016
-6.519617 5.749835
-4.929904 6.888052
-3.528496 -10.037870
3.472740 -4.143228
-4.830270 -9.326343
6.341990 0.392329
-6.331063 -8.140861
-9.428797 -1.918996
6.222404 -0.372609
-1.086614 7.917800
-7.626311 4.564569
4.318470 5.807880
-5.279642 6.698636
-8.570416 2.989268
0.362477 -11.013488
1.497953 -4.778035
6.372712 1.021344
10.505929 -5.911981
11.025805 -5.092894
2.745974 13.667969
12.519577 2.474148
7.486245 11.295295
-8.675087 -4.817176
1.026079 -11.025166
9.073725 -7.635027
6.233837 -0.267228
9.998531 8.767813
1.601804 -4.759301
7.830322 11.037411
11.158959 6.905072
-8.340889 3.440029
1.054744 -11.035122
2.421363 13.760899
6.310403 0.154375
1.531109 13.958307
-9.177691 -3.287234
-4.741166 6.992561
12.614964 0.855033
6.236957 -0.330373
-9.263838 0.950576
4.265079 5.855865
5.360959 -2.369467
6.189641 -0.497122
-1.983893 -10.614344
5.716139 12.460540
7.439739 11.339817
0.265452 7.817764
-9.352939 -2.419060
6.822216 -9.397367
4.768285 -10.382346
-9.391763 0.198227
-3.848932 -9.896449
12.206614 4.197326
3.625496 -4.053818
-8.231011 -5.688937
2.432857 -4.592220
5.842834 -1.492831
11.947057 -3.021234
4.234134 5.873990
12.412518 3.217361
0.976905 -11.027317
10.387743 -6.089308
9.237176 9.685441
-5.326769 6.653305
10.730671 -5.553306
3.266088 6.642649
-0.362783 -10.938985
2.241940 7.218137
9.407845 -7.297880
-5.584725 6.484589
-6.392242 5.860538
-4.362212 7.181242
7.897207 -8.672029
-3.767763 7.430094
5.428859 4.360309
11.741583 -3.559768
6.244122 -0.207172
-9.372990 -2.283368
12.421648 3.232203
6.307617 0.135914
-8.729984 2.653180
4.188363 -3.667217
1.532969 -4.771757
-8.184038 3.741566
7.348868 11.416484
6.447895 12.041589
5.957453 -9.866296
5.142581 -2.690998
4.930077 -2.952431
4.689094 5.398747
9.590809 -7.097108
-2.013402 7.862350
-7.723250 -6.540145
9.798502 -6.854846
12.606495 0.499538
4.479518 -3.410611
12.040740 4.751560
-9.151239 1.441474
4.289886 13.151741
2.702873 -4.488231
-0.685669 7.922454
10.353760 -6.120645
8.943649 9.995372
-5.192314 6.743111
0.560293 7.770069
-8.059754 3.943630
11.780890 5.552644
4.802529 12.924859
6.354149 0.701807
1.430979 13.967764
6.229089 -0.290372
-9.369643 0.368314
0.626493 14.083559
6.304007 0.039095
5.595174 4.080170
-1.918033 7.863439
1.054098 -4.811898
-9.245541 -3.007657
-9.070809 -3.699317
0.536515 -4.790574
-7.483663 -6.878956
1.600069 -4.764728
-9.204971 1.250448
8.751255 -7.946221
-4.644639 7.045730
4.306165 13.148848
-4.536752 7.108945
-9.359138 0.429787
5.812464 -1.567427
-2.248691 -10.531393
-1.830442 -10.658180
4.850828 12.896765
-8.250479 3.624614
2.476933 7.120322
-9.457001 -0.419385
2.183878 -10.963488
6.009021 3.151280
-7.271865 -7.144186
6.020583 -9.836388
6.355060 0.472775
0.361318 7.815122
3.247055 -4.260295
-6.037074 6.164087
0.163985 -4.736634
5.718660 -1.781601
12.606540 1.081452
-8.947130 2.099153
-8.703626 -4.741310
-8.224025 3.680239
-7.958323 4.100162
-8.604869 -4.961435
0.867889 -11.021461
1.297973 -4.799672
10.945918 7.321776
6.085749 -0.844077
4.278551 5.838140
6.171979 -0.580704
-8.640118 2.856863
8.393281 -8.278876
2.289950 -4.631178
0.658423 -4.799291
6.156594 -0.595846
0.817187 -4.800158
-7.436244 -6.926779
-5.114720 -9.134899
0.924305 14.045988
-9.419768 0.015958
12.557582 -0.233386
2.773660 13.672644
11.138288 -4.880077
-6.666968 5.628107
5.208337 12.734769
6.240481 -0.274819
11.830089 5.387306
5.283171 4.629091
-9.053462 -3.787346
-9.466519 -1.152278
6.313550 -9.692234
6.359951 1.412925
4.496684 5.617598
5.938284 -1.281398
1.512670 -4.781284
4.532399 -3.356260
0.544211 -4.787821
3.174015 6.708559
3.479475 -10.751827
-4.502290 -9.522767
4.339265 13.134959
-6.319896 -8.174279
4.452887 -3.435446
6.011478 -1.103112
-4.639899 -9.451813
0.909671 14.048589
-3.827041 7.407779
-8.332471 3.463023
8.268526 10.668311
-6.302336 5.950029
12.066616 4.711176
0.465392 14.112623
-6.888664 -7.588329
-8.363501 3.402963
0.436411 7.802696
0.851415 7.712886
0.362402 -4.765433
-4.690057 7.016869
11.007660 7.209632
-8.150790 3.789331
5.915662 -1.331454
-8.022026 -6.067808
-3.547528 7.505162
-3.359652 7.559961
7.037153 -9.271520
-0.102110 7.878901
5.153157 4.797216
-1.189849 -10.806939
6.723403 11.858447
12.516171 -0.488473
6.162758 -0.596772
3.822393 6.231493
-3.041142 7.662808
-2.450239 -10.472028
-9.382298 0.290159
6.305274 0.059757
4.940750 5.098214
3.911347 -10.648769
3.829033 -3.917460
11.062451 -5.002788
4.286280 5.822196
11.150156 6.936841
-5.932759 6.251989
-8.902928 2.235886
1.981354 13.861924
5.575336 -2.042493
-6.025559 6.170579
-6.156628 6.077291
2.832884 -10.871799
1.419591 -4.790294
-8.469191 3.229703
-4.877672 -9.294389
-8.581272 2.969454
12.288629 -1.813663
-9.252120 -2.972402
-1.872708 7.876860
1.278407 14.004776
12.479671 2.791343
4.315303 13.135286
4.177786 -3.674932
4.486493 -3.396599
1.320297 -11.022964
6.365113 0.981495
-7.942991 -6.187890
-1.245463 7.912444
3.150197 6.730765
-0.819146 -10.871159
5.184259 -10.208960
4.058842 6.048729
4.128906 -3.696100
3.717773 -10.693000
5.953217 3.275999
6.372685 0.884392
1.840951 -4.735021
-3.782435 7.425302
-0.453890 -10.934738
-2.994095 7.673470
0.794594 14.059293
1.161976 -4.803866
-8.403378 3.350647
-9.469920 -1.069203
1.649796 -4.767016
-7.341185 4.910872
11.571383 -3.963555
12.293331 -1.777485
12.594260 1.526292
-8.963490 2.068568
1.201217 -4.803653
-7.761272 -6.473514
-9.124956 1.515098
3.926061 6.155862
10.988940 -5.135732
-8.739741 -4.637899
5.172523 4.778587
9.778436 9.041769
6.013068 3.113404
-4.488553 7.125297
3.523258 -4.118585
-9.316144 -2.661473
2.863548 13.643199
2.394977 -4.606123
0.199168 7.842418
6.338696 0.460904
1.823730 -11.005736
4.095957 5.991385
2.518403 -10.925142
5.867424 3.512318
4.416445 -3.478641
1.129608 -4.798734
12.215040 4.152134
11.688411 -3.718967
-5.799966 -8.630498
5.898013 -1.379808
6.878435 11.741320
6.346692 0.506842
1.711724 7.444300
0.214731 7.838384
-0.488353 7.906998
11.180252 -4.782701
2.023451 -4.690117
0.556989 -4.792784
10.465402 8.092972
2.099139 -4.676752
5.071338 -2.768017
12.361658 -1.456115
-2.625991 7.760739
0.065544 -4.706962
2.141027 7.266518
2.426720 -4.597293
3.377896 -10.776270
6.227015 2.330984
-4.408133 -9.585569
-1.120902 7.919224
3.542984 6.456168
12.484202 -0.761421
-1.771147 7.885265
11.384128 -4.379007
-1.800446 -10.671785
1.295259 7.586376
8.368351 10.563980
10.212294 -6.331170
10.078968 -6.494808
6.223707 -0.329146
5.926883 -9.894937
11.281810 -4.592433
